46445152377341437340;





4644
46440102
464401023773
4644010237730203
46440102377302037351
464401023773020373513132
4644010237730203735131325140


4644


4644
46444142
464441423773
4644414237733132
46444142377331327351
464441423773313273512122
4644414237733132735121225140




5654
56546052
565460523635
5654605236354143
56546052363541431705
565460523635414317055273
5654605236354143170552734736
56546052363541431705527347364060
565460523635414317055273473640603656
5654605236354143170552734736406036566040
56546052363541431705527347364060365660403736
565460523635414317055273473640603656604037361022
5654605236354143170552734736406036566040373610225443
56546052363541431705527347364060365660403736102254433133
565460523635414317055273473640603656604037361022544331331614
5654605236354143170552734736406036566040373610225443313316145153
56546052363541431705527347364060365660403736102254433133161451536755
565460523635414317055273473640603656604037361022544331331614515367554051
5654605236354143170552734736406036566040373610225443313316145153675540515534
56546052363541431705527347364060365660403736102254433133161451536755405155342203
565460523635414317055273473640603656604037361022544331331614515367554051553422032716
5654605236354143170552734736406036566040373610225443313316145153675540515534220327165354
56546052363541431705527347364060365660403736102254433133161451536755405155342203271653542625
565460523635414317055273473640603656604037361022544331331614515367554051553422032716535426251113
5654605236354143170552734736406036566040373610225443313316145153675540515534220327165354262511133415
56546052363541431705527347364060365660403736102254433133161451536755405155342203271653542625111334155032
565460523635414317055273473640603656604037361022544331331614515367554051553422032716535426251113341550324332
5654605236354143170552734736406036566040373610225443313316145153675540515534220327165354262511133415503243323060
56546052363541431705527347364060365660403736102254433133161451536755405155342203271653542625111334155032433230602524
565460523635414317055273473640603656604037361022544331331614515367554051553422032716535426251113341550324332306025246163
5654605236354143170552734736406036566040373610225443313316145153675540515534220327165354262511133415503243323060252461632423
56546052363541431705527347364060365660403736102254433133161451536755405155342203271653542625111334155032433230602524616324235455
565460523635414317055273473640603656604037361022544331331614515367554051553422032716535426251113341550324332306025246163242354556665
5654605236354143170552734736406036566040373610225443313316145153675540515534220327165354262511133415503243323060252461632423545566650324
56546052363541431705527347364060365660403736102254433133161451536755405155342203271653542625111334155032433230602524616324235455666503241643
565460523635414317055273473640603656604037361022544331331614515367554051553422032716535426251113341550324332306025246163242354556665032416432403
5654605236354143170552734736406036566040373610225443313316145153675540515534220327165354262511133415503243323060252461632423545566650324164324034645
56546052363541431705527347364060365660403736102254433133161451536755405155342203271653542625111334155032433230602524616324235455666503241643240346457172
565460523635414317055273473640603656604037361022544331331614515367554051553422032716535426251113341550324332306025246163242354556665032416432403464571723231
5654605236354143170552734736406036566040373610225443313316145153675540515534220327165354262511133415503243323060252461632423545566650324164324034645717232312031
56546052363541431705527347364060365660403736102254433133161451536755405155342203271653542625111334155032433230602524616324235455666503241643240346457172323120316564
565460523635414317055273473640603656604037361022544331331614515367554051553422032716535426251113341550324332306025246163242354556665032416432403464571723231203165647071
5654605236354143170552734736406036566040373610225443313316145153675540515534220327165354262511133415503243323060252461632423545566650324164324034645717232312031656470711503
56546052363541431705527347364060365660403736102254433133161451536755405155342203271653542625111334155032433230602524616324235455666503241643240346457172323120316564707115037161
565460523635414317055273473640603656604037361022544331331614515367554051553422032716535426251113341550324332306025246163242354556665032416432403464571723231203165647071150371615707
5654605236354143170552734736406036566040373610225443313316145153675540515534220327165354262511133415503243323060252461632423545566650324164324034645717232312031656470711503716157075152
56546052363541431705527347364060365660403736102254433133161451536755405155342203271653542625111334155032433230602524616324235455666503241643240346457172323120316564707115037161570751523534
565460523635414317055273473640603656604037361022544331331614515367554051553422032716535426251113341550324332306025246163242354556665032416432403464571723231203165647071150371615707515235340102
5654605236354143170552734736406036566040373610225443313316145153675540515534220327165354262511133415503243323060252461632423545566650324164324034645717232312031656470711503716157075152353401020513
56546052363541431705527347364060365660403736102254433133161451536755405155342203271653542625111334155032433230602524616324235455666503241643240346457172323120316564707115037161570751523534010205130213
565460523635414317055273473640603656604037361022544331331614515367554051553422032716535426251113341550324332306025246163242354556665032416432403464571723231203165647071150371615707515235340102051302134332
5654605236354143170552734736406036566040373610225443313316145153675540515534220327165354262511133415503243323060252461632423545566650324164324034645717232312031656470711503716157075152353401020513021343323122
56546052363541431705527347364060365660403736102254433133161451536755405155342203271653542625111334155032433230602524616324235455666503241643240346457172323120316564707115037161570751523534010205130213433231227675
565460523635414317055273473640603656604037361022544331331614515367554051553422032716535426251113341550324332306025246163242354556665032416432403464571723231203165647071150371615707515235340102051302134332312276756030
5654605236354143170552734736406036566040373610225443313316145153675540515534220327165354262511133415503243323060252461632423545566650324164324034645717232312031656470711503716157075152353401020513021343323122767560303254
56546052363541431705527347364060365660403736102254433133161451536755405155342203271653542625111334155032433230602524616324235455666503241643240346457172323120316564707115037161570751523534010205130213433231227675603032546151
565460523635414317055273473640603656604037361022544331331614515367554051553422032716535426251113341550324332306025246163242354556665032416432403464571723231203165647071150371615707515235340102051302134332312276756030325461515443
5654605236354143170552734736406036566040373610225443313316145153675540515534220327165354262511133415503243323060252461632423545566650324164324034645717232312031656470711503716157075152353401020513021343323122767560303254615154437354
56546052363541431705527347364060365660403736102254433133161451536755405155342203271653542625111334155032433230602524616324235455666503241643240346457172323120316564707115037161570751523534010205130213433231227675603032546151544373540767
565460523635414317055273473640603656604037361022544331331614515367554051553422032716535426251113341550324332306025246163242354556665032416432403464571723231203165647071150371615707515235340102051302134332312276756030325461515443735407673032
5654605236354143170552734736406036566040373610225443313316145153675540515534220327165354262511133415503243323060252461632423545566650324164324034645717232312031656470711503716157075152353401020513021343323122767560303254615154437354076730322332
56546052363541431705527347364060365660403736102254433133161451536755405155342203271653542625111334155032433230602524616324235455666503241643240346457172323120316564707115037161570751523534010205130213433231227675603032546151544373540767303223325475
565460523635414317055273473640603656604037361022544331331614515367554051553422032716535426251113341550324332306025246163242354556665032416432403464571723231203165647071150371615707515235340102051302134332312276756030325461515443735407673032233254755647


5654
56542123
565421235453
5654212354534142
56542123545341425352
565421235453414253523132
5654212354534142535231323634
56542123545341425352313236345041
565421235453414253523132363450413423
5654212354534142535231323634504134233031
56542123545341425352313236345041342330312332
565421235453414253523132363450413423303123326152
5654212354534142535231323634504134233031233261523241
56542123545341425352313236345041342330312332615232411022
565421235453414253523132363450413423303123326152324110226664
5654212354534142535231323634504134233031233261523241102266644050
56542123545341425352313236345041342330312332615232411022666440506463
565421235453414253523132363450413423303123326152324110226664405064630010
5654212354534142535231323634504134233031233261523241102266644050646300106352
56542123545341425352313236345041342330312332615232411022666440506463001063521000
565421235453414253523132363450413423303123326152324110226664405064630010635210004150
5654212354534142535231323634504134233031233261523241102266644050646300106352100041504150


7674




1615
16153132
161531326755
1615313267556052
16153132675560524767
161531326755605247674060
1615313267556052476740603634
16153132675560524767406036345240
161531326755605247674060363452405747
1615313267556052476740603634524057476070
16153132675560524767406036345240574760706757
161531326755605247674060363452405747607067573233


7674
76747173
