
4644
4142
5713
0102

4645
6052
5724
0102
2451
3132
5133
1031
3311
5264
1100
4060
0022
6472
2213
2011
1302
1133
4645
6052
5724
0102
2451
3132
5133
1031
3311
5264
1100
4060
0022
6472
2213
2011
1302
4645
6052
5724
0102
2451
3132
5133
1031
3311
5264
1100
4060
0022
6472
2213
2011
4645
6052
5724
0102
2451
3132
5133
1031
3311
5264
1100
4060
0022
6472
2213
4645
6052
5724
0102
2451
3132
5133
1031
3311
5264
1100
4060
0022
6472
4645
6052
5724
0102
2451
3132
5133
1031
3311
5264
1100
4060
0022
6472
2213
2011
1100
0022
2213
4644
1113
5713
6162
1331
2011
3140
4644
6162
5713
0103
1331
3031
4644
6162
5713
0103
1331
4644
6162
5713
0103
1331
3031

